Lane	PF_Clusters	%_of_the_lane	%_Perfect_barcode	%_One_mismatch_barcode	Yield_(Mbases)	%_PF_Clusters	%_=_Q30_bases	Mean_Quality_Score	Clusters_(Raw)	Clusters(PF)	Yield_(MBases)	Run	Sequencer
1	143427440	100.0	96.42	3.58	28972	95.04	95.53	38.37	303724246	288535121	58284	170503_D00267_0696_AHHYNWBCXY	hiseq_umc01
2	145107681	100.0	96.25	3.75	29312	94.96	95.55	38.37	303724246	288535121	58284	170503_D00267_0696_AHHYNWBCXY	hiseq_umc01
1	140659208	100.0	98.12	1.88	28413	95.4	95.41	38.31	291703076	278547112	56267	170503_D00267_0697_BHJMFYBCXY	hiseq_umc01
2	137887904	100.0	98.01	1.99	27853	95.59	95.66	38.39	291703076	278547112	56267	170503_D00267_0697_BHJMFYBCXY	hiseq_umc01
1	166652799	100.0	97.53	2.47	33664	93.47	93.56	37.84	356323761	332387198	67142	170512_D00267_0698_AHJM5HBCXY	hiseq_umc01
2	165734399	100.0	97.61	2.39	33478	93.1	93.89	37.92	356323761	332387198	67142	170512_D00267_0698_AHJM5HBCXY	hiseq_umc01
1	174168120	100.0	97.82	2.18	35182	93.52	93.78	37.84	369556444	345986428	69889	170512_D00267_0699_BHHYNYBCXY	hiseq_umc01
2	171818308	100.0	97.93	2.07	34707	93.73	93.94	37.89	369556444	345986428	69889	170512_D00267_0699_BHHYNYBCXY	hiseq_umc01
1	179882848	100.0	97.73	2.27	36336	93.04	93.1	37.66	390530727	362725446	73271	170531_D00267_0700_AHJ22CBCXY	hiseq_umc01
2	182842598	100.0	97.83	2.17	36934	92.72	92.99	37.62	390530727	362725446	73271	170531_D00267_0700_AHJ22CBCXY	hiseq_umc01
1	187825525	100.0	96.97	3.03	37941	92.88	93.02	37.66	405815496	377631819	76282	170609_D00267_0701_AHHYKJBCXY	hiseq_umc01
2	189806294	100.0	97.04	2.96	38341	93.23	93.15	37.69	405815496	377631819	76282	170609_D00267_0701_AHHYKJBCXY	hiseq_umc01
1	171571014	100.0	97.86	2.14	34657	91.32	91.86	37.27	378802128	346627489	70019	170627_D00267_0702_AHJ5KMBCXY	hiseq_umc01
2	175056475	100.0	97.88	2.12	35361	91.69	92.28	37.4	378802128	346627489	70019	170627_D00267_0702_AHJ5KMBCXY	hiseq_umc01
1	175803751	100.0	97.53	2.47	35512	91.71	91.55	37.19	381147989	350007687	70702	170627_D00267_0703_BHJ2JGBCXY	hiseq_umc01
2	174203936	100.0	97.64	2.36	35189	91.95	92.12	37.35	381147989	350007687	70702	170627_D00267_0703_BHJ2JGBCXY	hiseq_umc01
1	177180416	100.0	97.92	2.08	35790	93.72	92.69	37.6	381166448	357360325	72187	170707_D00267_0704_AHJ2H2BCXY	hiseq_umc01
2	180179909	100.0	97.9	2.1	36396	93.79	92.86	37.63	381166448	357360325	72187	170707_D00267_0704_AHJ2H2BCXY	hiseq_umc01
1	176699131	100.0	98.12	1.88	35693	94.03	93.5	37.78	378681631	356160087	71944	170711_D00267_0705_AHHYKWBCXY	hiseq_umc01
2	179460956	100.0	98.04	1.96	36251	94.08	93.53	37.78	378681631	356160087	71944	170711_D00267_0705_AHHYKWBCXY	hiseq_umc01
1	189398594	100.0	98.47	1.53	38259	92.78	93.33	37.75	412555954	381818657	77127	170713_D00267_0706_AHJNV3BCXY	hiseq_umc01
2	192420063	100.0	98.42	1.58	38869	92.33	93.18	37.7	412555954	381818657	77127	170713_D00267_0706_AHJNV3BCXY	hiseq_umc01
1	184715274	100.0	98.59	1.41	37312	93.24	93.4	37.76	393778485	367340031	74203	170713_D00267_0707_BHHYL5BCXY	hiseq_umc01
2	182624757	100.0	98.57	1.43	36890	93.34	93.59	37.82	393778485	367340031	74203	170713_D00267_0707_BHHYL5BCXY	hiseq_umc01
1	195455825	100.0	98.49	1.51	39482	91.44	91.71	37.34	430544081	394080724	79604	170719_D00267_0708_AHHY55BCXY	hiseq_umc01
2	198624899	100.0	98.32	1.68	40122	91.62	91.37	37.26	430544081	394080724	79604	170719_D00267_0708_AHHY55BCXY	hiseq_umc01
1	171058077	100.0	98.33	1.67	34554	93.22	93.14	37.71	370451491	344676085	69625	170728_D00267_0709_AHJ5MNBCXY	hiseq_umc01
2	173618008	100.0	98.17	1.83	35071	92.87	93.09	37.7	370451491	344676085	69625	170728_D00267_0709_AHJ5MNBCXY	hiseq_umc01
1	188456830	100.0	98.44	1.56	38068	92.55	92.57	37.55	404435393	374430904	75635	170728_D00267_0710_BHJ5T7BCXY	hiseq_umc01
2	185974074	100.0	98.65	1.35	37567	92.61	92.81	37.62	404435393	374430904	75635	170728_D00267_0710_BHJ5T7BCXY	hiseq_umc01
1	18511782	100.0	97.17	2.83	1203	10.11	56.72	26.28	365304318	29801073	1937	170801_D00267_0711_AHLCGGBCXY	hiseq_umc01
2	11289291	100.0	97.6	2.4	734	6.19	56.54	26.3	365304318	29801073	1937	170801_D00267_0711_AHLCGGBCXY	hiseq_umc01
1	109754539	100.0	78.73	21.27	7244	62.24	87.27	36.68	353616087	215985326	14255	170808_D00267_0712_AHLHF2BCXY	hiseq_umc01
2	106230787	100.0	79.49	20.51	7011	59.93	87.56	36.69	353616087	215985326	14255	170808_D00267_0712_AHLHF2BCXY	hiseq_umc01
1	187676794	100.0	98.35	1.65	37911	91.65	90.71	37.08	416125802	380607569	76883	170824_D00267_0713_AHJ27KBCXY	hiseq_umc01
2	192930775	100.0	98.12	1.88	38972	91.29	90.35	36.98	416125802	380607569	76883	170824_D00267_0713_AHJ27KBCXY	hiseq_umc01
1	169166091	100.0	98.34	1.66	34172	93.02	92.06	37.42	365369296	339505897	68580	170830_D00267_0714_AHT757BCXY	hiseq_umc01
2	170339806	100.0	98.28	1.72	34409	92.82	92.05	37.41	365369296	339505897	68580	170830_D00267_0714_AHT757BCXY	hiseq_umc01
1	119702675	100.0	98.57	1.43	24180	95.89	94.29	38.04	246395251	236460837	47765	170830_D00267_0715_BHT5HHBCXY	hiseq_umc01
2	116758162	100.0	98.59	1.41	23585	96.04	94.57	38.13	246395251	236460837	47765	170830_D00267_0715_BHT5HHBCXY	hiseq_umc01
1	196308801	100.0	98.24	1.76	39654	89.77	91.01	37.15	435135444	391495628	79082	170901_D00267_0716_AHJ5NWBCXY	hiseq_umc01
2	195186827	100.0	98.23	1.77	39428	90.17	91.17	37.2	435135444	391495628	79082	170901_D00267_0716_AHJ5NWBCXY	hiseq_umc01
1	187546451	100.0	97.96	2.04	37884	92.61	93.3	37.73	403940237	374558013	75661	170915_D00267_0717_BHT5MMBCXY	hiseq_umc01
2	187011562	100.0	98.28	1.72	37776	92.85	93.6	37.81	403940237	374558013	75661	170915_D00267_0717_BHT5MMBCXY	hiseq_umc01
1	183304714	100.0	92.19	7.81	27679	90.31	90.38	36.99	401424653	363537077	54894	170918_D00267_0718_BHTJJFBCXY	hiseq_umc01
2	180232363	100.0	92.02	7.98	27215	90.82	90.7	37.07	401424653	363537077	54894	170918_D00267_0718_BHTJJFBCXY	hiseq_umc01
1	195396929	100.0	97.93	2.07	39470	90.07	92.24	37.43	438712589	395447191	79880	170927_D00267_0719_AHNWKHBCXY	hiseq_umc01
2	200050262	100.0	98.35	1.65	40410	90.21	92.52	37.51	438712589	395447191	79880	170927_D00267_0719_AHNWKHBCXY	hiseq_umc01
1	199260707	100.0	98.32	1.68	40251	91.2	92.86	37.6	442412124	402380244	81281	171003_D00267_0720_AHNWGJBCXY	hiseq_umc01
2	203119537	100.0	98.26	1.74	41030	90.71	92.72	37.56	442412124	402380244	81281	171003_D00267_0720_AHNWGJBCXY	hiseq_umc01
1	142279784	100.0	98.7	1.3	42968	92.12	83.23	32.4	621230374	572543499	172908	161017_NB501012_0063_AHVVYLBGXY	nextseq_umc01
2	142568028	100.0	98.54	1.46	43056	92.28	83.35	32.42	621230374	572543499	172908	161017_NB501012_0063_AHVVYLBGXY	nextseq_umc01
3	142962840	100.0	98.63	1.37	43175	92.06	83.39	32.44	621230374	572543499	172908	161017_NB501012_0063_AHVVYLBGXY	nextseq_umc01
4	144732847	100.0	98.51	1.49	43709	92.18	82.97	32.35	621230374	572543499	172908	161017_NB501012_0063_AHVVYLBGXY	nextseq_umc01
1	122615819	100.0	98.35	1.65	37030	90.06	84.08	32.46	549225938	494153825	149234	170210_NB000000_0001_XXNICUTEST	nextseq_umc01
2	125800865	100.0	98.33	1.67	37992	89.66	84.88	32.63	549225938	494153825	149234	170210_NB000000_0001_XXNICUTEST	nextseq_umc01
3	123747302	100.0	98.29	1.71	37372	90.04	84.08	32.46	549225938	494153825	149234	170210_NB000000_0001_XXNICUTEST	nextseq_umc01
4	121989839	100.0	98.2	1.8	36841	90.14	83.87	32.41	549225938	494153825	149234	170210_NB000000_0001_XXNICUTEST	nextseq_umc01
1	130619376	100.0	98.18	1.82	39447	90.25	82.89	32.26	583260386	523729008	158166	170531_NB501012_0144_AHNKFVBGX2	nextseq_umc01
2	130519138	100.0	98.05	1.95	39417	89.79	82.35	32.14	583260386	523729008	158166	170531_NB501012_0144_AHNKFVBGX2	nextseq_umc01
3	131876396	100.0	98.05	1.95	39827	89.68	82.6	32.2	583260386	523729008	158166	170531_NB501012_0144_AHNKFVBGX2	nextseq_umc01
4	130714098	100.0	97.93	2.07	39476	89.46	81.75	32.01	583260386	523729008	158166	170531_NB501012_0144_AHNKFVBGX2	nextseq_umc01
1	112716369	100.0	97.86	2.14	34040	89.2	81.49	31.93	513660556	454685245	137315	170602_NB501012_0145_AHNKL5BGX2	nextseq_umc01
2	114444304	100.0	97.68	2.32	34562	89.05	80.99	31.83	513660556	454685245	137315	170602_NB501012_0145_AHNKL5BGX2	nextseq_umc01
3	113967716	100.0	97.56	2.44	34418	88.06	80.57	31.73	513660556	454685245	137315	170602_NB501012_0145_AHNKL5BGX2	nextseq_umc01
4	113556856	100.0	97.35	2.65	34294	87.79	79.82	31.57	513660556	454685245	137315	170602_NB501012_0145_AHNKL5BGX2	nextseq_umc01
1	116906459	100.0	98.54	1.46	35306	90.77	83.49	32.34	524862797	472727636	142764	170606_NB501012_0146_AHNJHGBGX2	nextseq_umc01
2	124447719	100.0	98.65	1.35	37583	91.98	85.23	32.73	524862797	472727636	142764	170606_NB501012_0146_AHNJHGBGX2	nextseq_umc01
3	115749570	100.0	98.27	1.73	34956	89.15	81.18	31.84	524862797	472727636	142764	170606_NB501012_0146_AHNJHGBGX2	nextseq_umc01
4	115623888	100.0	98.04	1.96	34918	88.32	78.86	31.39	524862797	472727636	142764	170606_NB501012_0146_AHNJHGBGX2	nextseq_umc01
1	130121618	100.0	98.11	1.89	39297	89.64	83.27	32.31	581433330	519847761	156994	170608_NB501012_0147_AHNL2JBGX2	nextseq_umc01
2	131097461	100.0	98.35	1.65	39591	89.45	82.97	32.24	581433330	519847761	156994	170608_NB501012_0147_AHNL2JBGX2	nextseq_umc01
3	128517230	100.0	98.13	1.87	38812	88.76	81.82	31.99	581433330	519847761	156994	170608_NB501012_0147_AHNL2JBGX2	nextseq_umc01
4	130111452	100.0	98.35	1.65	39294	89.77	82.98	32.24	581433330	519847761	156994	170608_NB501012_0147_AHNL2JBGX2	nextseq_umc01
1	119632409	100.0	98.14	1.86	36129	87.49	80.97	31.83	549229947	477730352	144275	170612_NB501012_0149_AHNNFJBGX2	nextseq_umc01
2	117797394	100.0	95.42	4.58	35575	86.58	79.67	31.55	549229947	477730352	144275	170612_NB501012_0149_AHNNFJBGX2	nextseq_umc01
3	122144903	100.0	98.13	1.87	36888	87.87	81.38	31.91	549229947	477730352	144275	170612_NB501012_0149_AHNNFJBGX2	nextseq_umc01
4	118155646	100.0	97.59	2.41	35683	85.98	79.18	31.44	549229947	477730352	144275	170612_NB501012_0149_AHNNFJBGX2	nextseq_umc01
1	125450707	100.0	98.39	1.61	37886	90.82	84.16	32.5	553710288	504148876	152253	170614_NB501012_0150_AHMGN7BGX2	nextseq_umc01
2	127461914	100.0	98.38	1.62	38493	91.53	84.79	32.65	553710288	504148876	152253	170614_NB501012_0150_AHMGN7BGX2	nextseq_umc01
3	125799640	100.0	98.33	1.67	37991	90.85	84.09	32.49	553710288	504148876	152253	170614_NB501012_0150_AHMGN7BGX2	nextseq_umc01
4	125436615	100.0	98.27	1.73	37882	90.99	83.57	32.4	553710288	504148876	152253	170614_NB501012_0150_AHMGN7BGX2	nextseq_umc01
1	120560656	100.0	98.04	1.96	36409	88.4	80.54	31.69	546564726	483405983	145989	170616_NB501012_0151_AHJ3LTBGX2	nextseq_umc01
2	121100949	100.0	98.08	1.92	36572	89.27	81.56	31.91	546564726	483405983	145989	170616_NB501012_0151_AHJ3LTBGX2	nextseq_umc01
3	120437078	100.0	97.79	2.21	36372	87.66	79.6	31.48	546564726	483405983	145989	170616_NB501012_0151_AHJ3LTBGX2	nextseq_umc01
4	121307300	100.0	97.89	2.11	36635	88.46	80.37	31.66	546564726	483405983	145989	170616_NB501012_0151_AHJ3LTBGX2	nextseq_umc01
1	121290198	100.0	98.14	1.86	36630	88.8	81.63	31.99	547916920	480711329	145175	170619_NB501012_0152_AHJ7HGBGX2	nextseq_umc01
2	118800050	100.0	97.7	2.3	35878	87.25	79.52	31.53	547916920	480711329	145175	170619_NB501012_0152_AHJ7HGBGX2	nextseq_umc01
3	120992666	100.0	97.79	2.21	36540	87.39	80.08	31.65	547916920	480711329	145175	170619_NB501012_0152_AHJ7HGBGX2	nextseq_umc01
4	119628415	100.0	97.74	2.26	36128	87.5	79.98	31.63	547916920	480711329	145175	170619_NB501012_0152_AHJ7HGBGX2	nextseq_umc01
1	129679332	100.0	98.05	1.95	39163	88.72	81.33	31.91	587720148	520883149	157307	170621_NB501012_0153_AHJC5MBGX2	nextseq_umc01
2	127617155	100.0	97.78	2.22	38540	87.81	80.57	31.73	587720148	520883149	157307	170621_NB501012_0153_AHJC5MBGX2	nextseq_umc01
3	132375755	100.0	98.05	1.95	39977	88.72	81.81	32.02	587720148	520883149	157307	170621_NB501012_0153_AHJC5MBGX2	nextseq_umc01
4	131210907	100.0	98.0	2.0	39626	89.26	82.08	32.07	587720148	520883149	157307	170621_NB501012_0153_AHJC5MBGX2	nextseq_umc01
1	130714191	100.0	98.5	1.5	39476	92.0	83.23	32.43	571780642	525152555	158596	170623_NB501012_0154_AHVWL5BGX2	nextseq_umc01
2	131050624	100.0	98.47	1.53	39577	91.84	83.56	32.49	571780642	525152555	158596	170623_NB501012_0154_AHVWL5BGX2	nextseq_umc01
3	132028994	100.0	98.39	1.61	39873	91.7	82.88	32.35	571780642	525152555	158596	170623_NB501012_0154_AHVWL5BGX2	nextseq_umc01
4	131358746	100.0	98.39	1.61	39670	91.84	82.98	32.37	571780642	525152555	158596	170623_NB501012_0154_AHVWL5BGX2	nextseq_umc01
1	139817562	100.0	98.49	1.51	42225	91.66	82.11	32.2	608629327	559187328	168875	170626_NB501012_0155_AHVWTVBGX2	nextseq_umc01
2	139953041	100.0	98.49	1.51	42266	92.02	82.64	32.3	608629327	559187328	168875	170626_NB501012_0155_AHVWTVBGX2	nextseq_umc01
3	140242784	100.0	98.46	1.54	42353	91.71	83.12	32.39	608629327	559187328	168875	170626_NB501012_0155_AHVWTVBGX2	nextseq_umc01
4	139173941	100.0	98.48	1.52	42031	92.12	83.44	32.46	608629327	559187328	168875	170626_NB501012_0155_AHVWTVBGX2	nextseq_umc01
1	141842719	100.0	98.76	1.24	42837	91.28	82.97	32.33	626749540	571839609	172696	170628_NB501012_0156_AHVVWNBGX2	nextseq_umc01
2	141942253	100.0	98.68	1.32	42867	91.51	82.84	32.31	626749540	571839609	172696	170628_NB501012_0156_AHVVWNBGX2	nextseq_umc01
3	143880214	100.0	98.69	1.31	43452	91.07	83.08	32.36	626749540	571839609	172696	170628_NB501012_0156_AHVVWNBGX2	nextseq_umc01
4	144174423	100.0	98.62	1.38	43541	91.09	83.2	32.38	626749540	571839609	172696	170628_NB501012_0156_AHVVWNBGX2	nextseq_umc01
1	132883977	100.0	98.57	1.43	40131	92.18	84.31	32.56	575864525	529896224	160029	170703_NB501012_0158_AH3LNJBGX3	nextseq_umc01
2	129925015	100.0	98.45	1.55	39237	91.98	84.65	32.62	575864525	529896224	160029	170703_NB501012_0158_AH3LNJBGX3	nextseq_umc01
3	133433031	100.0	98.49	1.51	40297	91.74	84.39	32.58	575864525	529896224	160029	170703_NB501012_0158_AH3LNJBGX3	nextseq_umc01
4	133654201	100.0	98.51	1.49	40364	92.17	84.48	32.61	575864525	529896224	160029	170703_NB501012_0158_AH3LNJBGX3	nextseq_umc01
1	130957845	100.0	98.69	1.31	39549	90.92	81.31	32.01	575382961	524228741	158317	170710_NB501012_0161_AHVW3FBGX2	nextseq_umc01
2	129701768	100.0	98.66	1.34	39170	91.37	82.62	32.27	575382961	524228741	158317	170710_NB501012_0161_AHVW3FBGX2	nextseq_umc01
3	131943539	100.0	98.68	1.32	39847	90.89	81.83	32.1	575382961	524228741	158317	170710_NB501012_0161_AHVW3FBGX2	nextseq_umc01
4	131625589	100.0	98.66	1.34	39751	91.26	81.94	32.12	575382961	524228741	158317	170710_NB501012_0161_AHVW3FBGX2	nextseq_umc01
1	125861704	100.0	98.61	1.39	38010	90.43	82.44	32.19	566819287	512852769	154882	170713_NB501012_0162_AHVWCHBGX2	nextseq_umc01
2	127730509	100.0	98.55	1.45	38575	90.44	82.71	32.23	566819287	512852769	154882	170713_NB501012_0162_AHVWCHBGX2	nextseq_umc01
3	131230384	100.0	98.64	1.36	39632	90.75	82.5	32.21	566819287	512852769	154882	170713_NB501012_0162_AHVWCHBGX2	nextseq_umc01
4	128030172	100.0	98.5	1.5	38665	90.28	82.79	32.25	566819287	512852769	154882	170713_NB501012_0162_AHVWCHBGX2	nextseq_umc01
1	139111905	100.0	98.71	1.29	42012	90.56	79.12	31.54	618228155	559701579	169030	170714_NB501012_0163_AHVW3VBGX2	nextseq_umc01
2	140259722	100.0	98.64	1.36	42358	90.66	79.73	31.67	618228155	559701579	169030	170714_NB501012_0163_AHVW3VBGX2	nextseq_umc01
3	141530633	100.0	98.68	1.32	42742	90.34	80.17	31.75	618228155	559701579	169030	170714_NB501012_0163_AHVW3VBGX2	nextseq_umc01
4	138799319	100.0	98.66	1.34	41917	90.58	80.67	31.87	618228155	559701579	169030	170714_NB501012_0163_AHVW3VBGX2	nextseq_umc01
1	135226479	100.0	98.27	1.73	40838	89.95	80.81	31.9	606651921	545690652	164799	170717_NB501012_0164_AHVWJHBGX2	nextseq_umc01
2	135473495	100.0	96.37	3.63	40913	90.18	81.66	32.07	606651921	545690652	164799	170717_NB501012_0164_AHVWJHBGX2	nextseq_umc01
3	137684330	100.0	98.35	1.65	41581	89.66	81.41	32.0	606651921	545690652	164799	170717_NB501012_0164_AHVWJHBGX2	nextseq_umc01
4	137306348	100.0	98.32	1.68	41467	90.02	82.08	32.14	606651921	545690652	164799	170717_NB501012_0164_AHVWJHBGX2	nextseq_umc01
1	138437192	100.0	98.4	1.6	41808	88.54	79.84	31.69	624916011	550552180	166267	170719_NB501012_0165_AHVWKLBGX2	nextseq_umc01
2	135202089	100.0	96.93	3.07	40831	88.33	80.25	31.76	624916011	550552180	166267	170719_NB501012_0165_AHVWKLBGX2	nextseq_umc01
3	139326009	100.0	98.25	1.75	42076	87.65	80.02	31.71	624916011	550552180	166267	170719_NB501012_0165_AHVWKLBGX2	nextseq_umc01
4	137586890	100.0	98.11	1.89	41551	87.9	79.83	31.67	624916011	550552180	166267	170719_NB501012_0165_AHVWKLBGX2	nextseq_umc01
1	131170338	100.0	98.66	1.34	39613	91.51	80.77	31.89	567885352	521582762	157518	170724_NB501012_0167_AHVW3HBGX2	nextseq_umc01
2	129712086	100.0	98.61	1.39	39173	91.94	81.22	31.96	567885352	521582762	157518	170724_NB501012_0167_AHVW3HBGX2	nextseq_umc01
3	130870188	100.0	98.65	1.35	39523	91.83	81.84	32.1	567885352	521582762	157518	170724_NB501012_0167_AHVW3HBGX2	nextseq_umc01
4	129830150	100.0	98.6	1.4	39209	92.1	82.35	32.21	567885352	521582762	157518	170724_NB501012_0167_AHVW3HBGX2	nextseq_umc01
1	131264992	100.0	98.71	1.29	39642	91.16	81.03	31.94	585869756	533833890	161218	170727_NB501012_0168_AHVW5MBGX2	nextseq_umc01
2	133182986	100.0	96.52	3.48	40221	91.3	80.76	31.88	585869756	533833890	161218	170727_NB501012_0168_AHVW5MBGX2	nextseq_umc01
3	135596439	100.0	98.67	1.33	40950	90.89	81.51	32.03	585869756	533833890	161218	170727_NB501012_0168_AHVW5MBGX2	nextseq_umc01
4	133789473	100.0	98.59	1.41	40404	91.13	81.71	32.08	585869756	533833890	161218	170727_NB501012_0168_AHVW5MBGX2	nextseq_umc01
1	134731875	100.0	98.8	1.2	40689	91.24	80.08	31.74	587804619	536092770	161900	170731_NB501012_0170_AH52MTBGX3	nextseq_umc01
2	131669389	100.0	98.68	1.32	39764	91.33	81.78	32.1	587804619	536092770	161900	170731_NB501012_0170_AH52MTBGX3	nextseq_umc01
3	133392453	100.0	98.74	1.26	40285	91.01	81.37	32.01	587804619	536092770	161900	170731_NB501012_0170_AH52MTBGX3	nextseq_umc01
4	136299053	100.0	98.68	1.32	41162	91.24	80.87	31.9	587804619	536092770	161900	170731_NB501012_0170_AH52MTBGX3	nextseq_umc01
1	123816249	100.0	98.91	1.09	37393	92.56	79.99	31.72	533419415	493987391	149184	170802_NB501012_0171_AH535GBGX3_2	nextseq_umc01
2	123452481	100.0	98.85	1.15	37283	92.7	81.67	32.07	533419415	493987391	149184	170802_NB501012_0171_AH535GBGX3_2	nextseq_umc01
3	123378896	100.0	98.6	1.4	37260	92.7	81.3	31.97	533419415	493987391	149184	170802_NB501012_0171_AH535GBGX3_2	nextseq_umc01
4	123339765	100.0	98.85	1.15	37249	92.47	81.13	31.95	533419415	493987391	149184	170802_NB501012_0171_AH535GBGX3_2	nextseq_umc01
1	130174936	100.0	98.71	1.29	39313	91.81	80.55	31.84	570725787	523587286	158123	170804_NB501012_0172_AH3GHLBGX3	nextseq_umc01
2	129378957	100.0	98.64	1.36	39072	91.89	81.94	32.13	570725787	523587286	158123	170804_NB501012_0172_AH3GHLBGX3	nextseq_umc01
3	131473382	100.0	98.63	1.37	39705	91.52	81.62	32.06	570725787	523587286	158123	170804_NB501012_0172_AH3GHLBGX3	nextseq_umc01
4	132560011	100.0	98.62	1.38	40033	91.75	81.33	32.0	570725787	523587286	158123	170804_NB501012_0172_AH3GHLBGX3	nextseq_umc01
1	121532125	100.0	98.32	1.68	36703	88.31	80.63	31.79	551296706	489258886	147756	170807_NB501012_0173_AHG22VBGX3	nextseq_umc01
2	120355235	100.0	98.24	1.76	36347	88.47	80.3	31.73	551296706	489258886	147756	170807_NB501012_0173_AHG22VBGX3	nextseq_umc01
3	123381673	100.0	98.37	1.63	37261	88.99	81.57	32.0	551296706	489258886	147756	170807_NB501012_0173_AHG22VBGX3	nextseq_umc01
4	123989853	100.0	98.34	1.66	37445	89.21	81.42	31.97	551296706	489258886	147756	170807_NB501012_0173_AHG22VBGX3	nextseq_umc01
1	130726731	100.0	98.73	1.27	39479	91.17	80.67	31.87	575715291	524393060	158367	170811_NB501012_0176_AH3HT3BGX3	nextseq_umc01
2	129566354	100.0	98.67	1.33	39129	91.21	81.89	32.12	575715291	524393060	158367	170811_NB501012_0176_AH3HT3BGX3	nextseq_umc01
3	132390814	100.0	98.7	1.3	39982	90.93	81.7	32.07	575715291	524393060	158367	170811_NB501012_0176_AH3HT3BGX3	nextseq_umc01
4	131709161	100.0	98.65	1.35	39776	91.04	81.63	32.06	575715291	524393060	158367	170811_NB501012_0176_AH3HT3BGX3	nextseq_umc01
1	120036628	100.0	98.58	1.42	36251	89.6	82.24	32.14	540576033	483283757	145952	170814_NB501012_0177_AHFNYWBGX3	nextseq_umc01
2	119674102	100.0	98.43	1.57	36142	89.32	82.05	32.1	540576033	483283757	145952	170814_NB501012_0177_AHFNYWBGX3	nextseq_umc01
3	121658996	100.0	98.52	1.48	36741	89.13	82.11	32.1	540576033	483283757	145952	170814_NB501012_0177_AHFNYWBGX3	nextseq_umc01
4	121914031	100.0	98.48	1.52	36818	89.56	81.66	32.04	540576033	483283757	145952	170814_NB501012_0177_AHFNYWBGX3	nextseq_umc01
1	134484355	100.0	98.54	1.46	40614	90.62	80.86	31.89	595682705	540502088	163232	170816_NB501012_0178_AH535KBGX3	nextseq_umc01
2	135297931	100.0	96.45	3.55	40860	90.75	81.35	31.99	595682705	540502088	163232	170816_NB501012_0178_AH535KBGX3	nextseq_umc01
3	136672186	100.0	98.46	1.54	41275	90.69	81.89	32.1	595682705	540502088	163232	170816_NB501012_0178_AH535KBGX3	nextseq_umc01
4	134047616	100.0	98.48	1.52	40482	90.9	82.18	32.16	595682705	540502088	163232	170816_NB501012_0178_AH535KBGX3	nextseq_umc01
1	128205379	100.0	98.83	1.17	38718	92.09	79.95	31.71	557132470	513383632	155042	170821_NB501012_0180_AH52MKBGX3	nextseq_umc01
2	127297915	100.0	98.76	1.24	38444	92.25	81.09	31.95	557132470	513383632	155042	170821_NB501012_0180_AH52MKBGX3	nextseq_umc01
3	129345906	100.0	98.81	1.19	39062	92.16	81.07	31.94	557132470	513383632	155042	170821_NB501012_0180_AH52MKBGX3	nextseq_umc01
4	128534432	100.0	98.74	1.26	38817	92.09	81.55	32.05	557132470	513383632	155042	170821_NB501012_0180_AH52MKBGX3	nextseq_umc01
1	125374343	100.0	98.34	1.66	37863	88.01	81.48	31.97	565425587	493483704	149032	170825_NB501012_0182_AHFVFLBGX3	nextseq_umc01
2	121259149	100.0	98.07	1.93	36620	86.79	80.09	31.66	565425587	493483704	149032	170825_NB501012_0182_AHFVFLBGX3	nextseq_umc01
3	124483540	100.0	98.29	1.71	37594	87.58	81.17	31.9	565425587	493483704	149032	170825_NB501012_0182_AHFVFLBGX3	nextseq_umc01
4	122366672	100.0	98.09	1.91	36955	86.71	80.36	31.71	565425587	493483704	149032	170825_NB501012_0182_AHFVFLBGX3	nextseq_umc01
1	116445796	100.0	98.1	1.9	35167	87.44	80.73	31.77	532944253	462417647	139650	170828_NB501012_0183_AHFVFMBGX3	nextseq_umc01
2	114989672	100.0	97.93	2.07	34727	87.13	80.17	31.65	532944253	462417647	139650	170828_NB501012_0183_AHFVFMBGX3	nextseq_umc01
3	115571367	100.0	97.94	2.06	34903	86.57	80.27	31.67	532944253	462417647	139650	170828_NB501012_0183_AHFVFMBGX3	nextseq_umc01
4	115410812	100.0	97.77	2.23	34854	85.94	79.79	31.56	532944253	462417647	139650	170828_NB501012_0183_AHFVFMBGX3	nextseq_umc01
1	121198489	100.0	97.81	2.19	36602	87.43	80.67	31.74	559237472	492260424	148663	170901_NB501012_0185_AHFT2JBGX3	nextseq_umc01
2	121669999	100.0	97.77	2.23	36744	87.79	80.89	31.79	559237472	492260424	148663	170901_NB501012_0185_AHFT2JBGX3	nextseq_umc01
3	125705818	100.0	98.05	1.95	37963	88.86	82.35	32.1	559237472	492260424	148663	170901_NB501012_0185_AHFT2JBGX3	nextseq_umc01
4	123686118	100.0	97.81	2.19	37353	88.0	81.49	31.91	559237472	492260424	148663	170901_NB501012_0185_AHFT2JBGX3	nextseq_umc01
1	125120496	100.0	98.6	1.4	37786	91.51	84.64	32.64	543935521	497459993	150233	170904_NB501012_0186_AHJJ35BGX3	nextseq_umc01
2	123234130	100.0	98.57	1.43	37217	91.79	84.73	32.66	543935521	497459993	150233	170904_NB501012_0186_AHJJ35BGX3	nextseq_umc01
3	125640632	100.0	98.53	1.47	37943	91.05	84.3	32.58	543935521	497459993	150233	170904_NB501012_0186_AHJJ35BGX3	nextseq_umc01
4	123464735	100.0	98.52	1.48	37286	91.49	84.25	32.55	543935521	497459993	150233	170904_NB501012_0186_AHJJ35BGX3	nextseq_umc01
1	131911739	100.0	98.53	1.47	39837	91.82	83.65	32.43	572296559	525128447	158589	170906_NB501012_0187_AHFW5HBGX3	nextseq_umc01
2	129467107	100.0	98.39	1.61	39099	91.78	83.83	32.46	572296559	525128447	158589	170906_NB501012_0187_AHFW5HBGX3	nextseq_umc01
3	131954632	100.0	98.45	1.55	39850	91.72	83.53	32.41	572296559	525128447	158589	170906_NB501012_0187_AHFW5HBGX3	nextseq_umc01
4	131794969	100.0	98.37	1.63	39802	91.71	83.8	32.46	572296559	525128447	158589	170906_NB501012_0187_AHFW5HBGX3	nextseq_umc01
1	124642188	100.0	97.96	2.04	37642	87.63	80.67	31.8	568600071	496582254	149968	170911_NB501012_0189_AHJVH5BGX3	nextseq_umc01
2	123566348	100.0	98.06	1.94	37317	87.39	80.36	31.73	568600071	496582254	149968	170911_NB501012_0189_AHJVH5BGX3	nextseq_umc01
3	123578495	100.0	97.98	2.02	37321	87.06	80.34	31.73	568600071	496582254	149968	170911_NB501012_0189_AHJVH5BGX3	nextseq_umc01
4	124795223	100.0	98.09	1.91	37688	87.25	80.49	31.76	568600071	496582254	149968	170911_NB501012_0189_AHJVH5BGX3	nextseq_umc01
1	123187422	100.0	98.6	1.4	37203	93.01	84.97	32.72	530554232	493819489	149133	170915_NB501012_0191_AHKMTHBGX3	nextseq_umc01
2	122670128	100.0	98.3	1.7	37046	93.0	85.37	32.8	530554232	493819489	149133	170915_NB501012_0191_AHKMTHBGX3	nextseq_umc01
3	123937323	100.0	98.59	1.41	37429	93.2	84.98	32.73	530554232	493819489	149133	170915_NB501012_0191_AHKMTHBGX3	nextseq_umc01
4	124024616	100.0	98.45	1.55	37455	93.09	85.22	32.77	530554232	493819489	149133	170915_NB501012_0191_AHKMTHBGX3	nextseq_umc01
1	125798946	100.0	98.24	1.76	37991	89.42	83.12	32.3	561887320	498861221	150656	170918_NB501012_0192_AHKJF3BGX3	nextseq_umc01
2	125211354	100.0	98.07	1.93	37814	89.29	83.16	32.29	561887320	498861221	150656	170918_NB501012_0192_AHKJF3BGX3	nextseq_umc01
3	125810983	100.0	98.11	1.89	37995	88.93	82.73	32.23	561887320	498861221	150656	170918_NB501012_0192_AHKJF3BGX3	nextseq_umc01
4	122039938	100.0	97.63	2.37	36856	87.48	81.39	31.92	561887320	498861221	150656	170918_NB501012_0192_AHKJF3BGX3	nextseq_umc01
1	126933407	100.0	97.96	2.04	38334	88.18	82.11	32.04	576909987	503083403	151931	170922_NB501012_0194_AHMJMWBGX3	nextseq_umc01
2	122994069	100.0	97.24	2.76	37144	85.95	79.8	31.53	576909987	503083403	151931	170922_NB501012_0194_AHMJMWBGX3	nextseq_umc01
3	128804745	100.0	97.98	2.02	38899	88.44	82.47	32.13	576909987	503083403	151931	170922_NB501012_0194_AHMJMWBGX3	nextseq_umc01
4	124351182	100.0	97.28	2.72	37554	86.23	80.25	31.63	576909987	503083403	151931	170922_NB501012_0194_AHMJMWBGX3	nextseq_umc01
1	127909389	100.0	98.09	1.91	38629	89.35	83.31	32.32	571113907	506298532	152902	170925_NB501012_0195_AHLMHJBGX3	nextseq_umc01
2	123500743	100.0	97.48	2.52	37297	87.61	81.03	31.82	571113907	506298532	152902	170925_NB501012_0195_AHLMHJBGX3	nextseq_umc01
3	127192267	100.0	97.89	2.11	38412	88.6	82.5	32.15	571113907	506298532	152902	170925_NB501012_0195_AHLMHJBGX3	nextseq_umc01
4	127696133	100.0	97.87	2.13	38564	89.02	83.04	32.25	571113907	506298532	152902	170925_NB501012_0195_AHLMHJBGX3	nextseq_umc01
1	120769395	100.0	97.71	2.29	36472	88.68	82.97	32.19	549128838	479830440	144909	170927_NB501012_0196_AHMMVGBGX3	nextseq_umc01
2	120501494	100.0	97.54	2.46	36391	87.87	82.29	32.04	549128838	479830440	144909	170927_NB501012_0196_AHMMVGBGX3	nextseq_umc01
3	120572249	100.0	97.5	2.5	36413	87.59	82.01	32.0	549128838	479830440	144909	170927_NB501012_0196_AHMMVGBGX3	nextseq_umc01
4	117987302	100.0	96.83	3.17	35632	85.4	79.95	31.54	549128838	479830440	144909	170927_NB501012_0196_AHMMVGBGX3	nextseq_umc01
1	130786283	100.0	98.27	1.73	39497	89.12	84.0	32.46	585849453	520522829	157198	170929_NB501012_0197_AHLL3MBGX3	nextseq_umc01
2	127797719	100.0	97.94	2.06	38595	88.55	83.19	32.27	585849453	520522829	157198	170929_NB501012_0197_AHLL3MBGX3	nextseq_umc01
3	132671474	100.0	98.25	1.75	40067	89.38	83.9	32.45	585849453	520522829	157198	170929_NB501012_0197_AHLL3MBGX3	nextseq_umc01
4	129267353	100.0	97.97	2.03	39039	88.34	83.33	32.3	585849453	520522829	157198	170929_NB501012_0197_AHLL3MBGX3	nextseq_umc01
1	141669377	100.0	98.45	1.55	42784	90.68	84.01	32.49	625210052	567274880	171317	171006_NB501012_0199_AHLNC5BGX3	nextseq_umc01
2	140552556	100.0	98.42	1.58	42447	90.9	84.38	32.57	625210052	567274880	171317	171006_NB501012_0199_AHLNC5BGX3	nextseq_umc01
3	143679939	100.0	98.44	1.56	43391	90.83	83.79	32.46	625210052	567274880	171317	171006_NB501012_0199_AHLNC5BGX3	nextseq_umc01
4	141373008	100.0	98.34	1.66	42695	90.52	84.03	32.5	625210052	567274880	171317	171006_NB501012_0199_AHLNC5BGX3	nextseq_umc01
1	135482626	100.0	98.8	1.2	40916	92.52	81.8	32.14	575399270	534278612	161352	161125_NB501039_0069_AHVFNMBGXY	nextseq_umc02
2	128935589	100.0	98.71	1.29	38939	93.05	83.11	32.41	575399270	534278612	161352	161125_NB501039_0069_AHVFNMBGXY	nextseq_umc02
3	135905743	100.0	98.83	1.17	41044	92.86	81.93	32.18	575399270	534278612	161352	161125_NB501039_0069_AHVFNMBGXY	nextseq_umc02
4	133954654	100.0	98.49	1.51	40454	93.0	82.8	32.35	575399270	534278612	161352	161125_NB501039_0069_AHVFNMBGXY	nextseq_umc02
1	119866967	100.0	97.97	2.03	36200	89.19	83.04	32.25	534262706	474815147	143394	170531_NB501039_0127_AHMH3JBGX2	nextseq_umc02
2	118374606	100.0	97.76	2.24	35749	89.3	81.66	31.99	534262706	474815147	143394	170531_NB501039_0127_AHMH3JBGX2	nextseq_umc02
3	119199426	100.0	97.87	2.13	35998	89.07	82.19	32.07	534262706	474815147	143394	170531_NB501039_0127_AHMH3JBGX2	nextseq_umc02
4	117374148	100.0	97.49	2.51	35447	87.93	80.41	31.7	534262706	474815147	143394	170531_NB501039_0127_AHMH3JBGX2	nextseq_umc02
1	124979230	100.0	98.34	1.66	37744	91.43	84.46	32.6	548907419	503010882	151909	170606_NB501039_0128_AHMH2TBGX2	nextseq_umc02
2	120546826	100.0	98.15	1.85	36405	91.29	83.85	32.46	548907419	503010882	151909	170606_NB501039_0128_AHMH2TBGX2	nextseq_umc02
3	129960246	100.0	98.43	1.57	39248	92.13	84.72	32.68	548907419	503010882	151909	170606_NB501039_0128_AHMH2TBGX2	nextseq_umc02
4	127524580	100.0	98.23	1.77	38512	91.67	84.88	32.7	548907419	503010882	151909	170606_NB501039_0128_AHMH2TBGX2	nextseq_umc02
1	144242592	100.0	98.76	1.24	43561	91.05	82.97	32.33	621301337	567518440	171391	170608_NB501039_0129_AHTTNWBGX2	nextseq_umc02
2	139594550	100.0	98.64	1.36	42158	91.67	83.1	32.37	621301337	567518440	171391	170608_NB501039_0129_AHTTNWBGX2	nextseq_umc02
3	141708026	100.0	98.74	1.26	42796	91.31	82.6	32.27	621301337	567518440	171391	170608_NB501039_0129_AHTTNWBGX2	nextseq_umc02
4	141973272	100.0	98.63	1.37	42876	91.36	82.63	32.28	621301337	567518440	171391	170608_NB501039_0129_AHTTNWBGX2	nextseq_umc02
1	120803010	100.0	97.94	2.06	36483	89.07	82.56	32.13	537258617	476255825	143829	170614_NB501039_0132_AHNNF3BGX2	nextseq_umc02
2	117444686	100.0	97.69	2.31	35468	88.53	81.26	31.85	537258617	476255825	143829	170614_NB501039_0132_AHNNF3BGX2	nextseq_umc02
3	121294336	100.0	97.97	2.03	36631	89.48	82.67	32.16	537258617	476255825	143829	170614_NB501039_0132_AHNNF3BGX2	nextseq_umc02
4	116713793	100.0	97.48	2.52	35248	87.48	79.88	31.57	537258617	476255825	143829	170614_NB501039_0132_AHNNF3BGX2	nextseq_umc02
1	125953044	100.0	98.29	1.71	38038	90.21	84.13	32.51	551647153	496559020	149961	170619_NB501039_0134_AHJC5CBGX2	nextseq_umc02
2	122348978	100.0	98.07	1.93	36949	90.01	83.45	32.36	551647153	496559020	149961	170619_NB501039_0134_AHJC5CBGX2	nextseq_umc02
3	124726215	100.0	98.22	1.78	37667	89.85	83.47	32.38	551647153	496559020	149961	170619_NB501039_0134_AHJC5CBGX2	nextseq_umc02
4	123530783	100.0	98.12	1.88	37306	89.99	83.65	32.41	551647153	496559020	149961	170619_NB501039_0134_AHJC5CBGX2	nextseq_umc02
1	136999436	100.0	98.5	1.5	41374	90.04	83.69	32.43	604211571	545148344	164635	170628_NB501039_0137_AHVWV3BGX2	nextseq_umc02
2	135166712	100.0	98.42	1.58	40820	90.49	83.12	32.33	604211571	545148344	164635	170628_NB501039_0137_AHVWV3BGX2	nextseq_umc02
3	136563814	100.0	98.51	1.49	41242	90.26	83.43	32.4	604211571	545148344	164635	170628_NB501039_0137_AHVWV3BGX2	nextseq_umc02
4	136418382	100.0	98.38	1.62	41198	90.11	82.94	32.31	604211571	545148344	164635	170628_NB501039_0137_AHVWV3BGX2	nextseq_umc02
1	135227614	100.0	98.61	1.39	40839	92.13	84.73	32.68	575390700	529661584	159958	170630_NB501039_0138_AH3LT5BGX3	nextseq_umc02
2	129628015	100.0	98.35	1.65	39148	92.13	84.54	32.63	575390700	529661584	159958	170630_NB501039_0138_AH3LT5BGX3	nextseq_umc02
3	130443334	100.0	98.54	1.46	39394	91.92	84.36	32.61	575390700	529661584	159958	170630_NB501039_0138_AH3LT5BGX3	nextseq_umc02
4	134362621	100.0	98.37	1.63	40578	92.03	84.37	32.62	575390700	529661584	159958	170630_NB501039_0138_AH3LT5BGX3	nextseq_umc02
1	133667878	100.0	98.67	1.33	40368	91.3	81.55	32.0	583874339	531407321	160485	170703_NB501039_0139_AHVVWJBGX2	nextseq_umc02
2	132432424	100.0	98.5	1.5	39995	91.19	80.85	31.86	583874339	531407321	160485	170703_NB501039_0139_AHVVWJBGX2	nextseq_umc02
3	133681892	100.0	98.64	1.36	40372	91.18	81.01	31.9	583874339	531407321	160485	170703_NB501039_0139_AHVVWJBGX2	nextseq_umc02
4	131625127	100.0	98.45	1.55	39751	90.39	81.42	32.0	583874339	531407321	160485	170703_NB501039_0139_AHVVWJBGX2	nextseq_umc02
1	139140936	100.0	98.37	1.63	42021	88.45	80.55	31.81	616103445	546840775	165146	170705_NB501039_0140_AHVWHGBGX2	nextseq_umc02
2	133986114	100.0	98.21	1.79	40464	88.58	81.04	31.9	616103445	546840775	165146	170705_NB501039_0140_AHVWHGBGX2	nextseq_umc02
3	137140242	100.0	98.42	1.58	41416	89.13	80.84	31.87	616103445	546840775	165146	170705_NB501039_0140_AHVWHGBGX2	nextseq_umc02
4	136573483	100.0	98.25	1.75	41245	88.88	80.88	31.88	616103445	546840775	165146	170705_NB501039_0140_AHVWHGBGX2	nextseq_umc02
1	125049708	100.0	98.44	1.56	37765	90.06	82.75	32.25	554906501	501857171	151561	170707_NB501039_0141_AHW3TLBGX2	nextseq_umc02
2	124795968	100.0	98.28	1.72	37688	90.28	82.62	32.22	554906501	501857171	151561	170707_NB501039_0141_AHW3TLBGX2	nextseq_umc02
3	126369423	100.0	98.08	1.92	38164	90.83	82.3	32.17	554906501	501857171	151561	170707_NB501039_0141_AHW3TLBGX2	nextseq_umc02
4	125642072	100.0	98.34	1.66	37944	90.59	82.62	32.23	554906501	501857171	151561	170707_NB501039_0141_AHW3TLBGX2	nextseq_umc02
1	134189417	100.0	98.81	1.19	40525	90.72	81.33	31.99	587128979	533669021	161168	170710_NB501039_0142_AHVWLWBGX2	nextseq_umc02
2	133367927	100.0	98.53	1.47	40277	91.12	80.69	31.87	587128979	533669021	161168	170710_NB501039_0142_AHVWLWBGX2	nextseq_umc02
3	133284662	100.0	98.81	1.19	40252	90.81	81.51	32.04	587128979	533669021	161168	170710_NB501039_0142_AHVWLWBGX2	nextseq_umc02
4	132827015	100.0	98.63	1.37	40114	90.93	81.36	32.02	587128979	533669021	161168	170710_NB501039_0142_AHVWLWBGX2	nextseq_umc02
1	134904214	100.0	98.54	1.46	40741	89.81	81.86	32.09	589751560	529588557	159936	170714_NB501039_0144_AHVYC3BGX2	nextseq_umc02
2	131853535	100.0	98.48	1.52	39820	90.12	82.03	32.13	589751560	529588557	159936	170714_NB501039_0144_AHVYC3BGX2	nextseq_umc02
3	132599727	100.0	98.55	1.45	40045	90.07	82.29	32.18	589751560	529588557	159936	170714_NB501039_0144_AHVYC3BGX2	nextseq_umc02
4	130231081	100.0	98.32	1.68	39330	89.19	81.54	32.02	589751560	529588557	159936	170714_NB501039_0144_AHVYC3BGX2	nextseq_umc02
1	129672902	100.0	98.37	1.63	39161	89.97	82.7	32.25	572125718	515499069	155681	170719_NB501039_0146_AHVW2TBGX2	nextseq_umc02
2	127931802	100.0	98.25	1.75	38635	90.37	82.35	32.18	572125718	515499069	155681	170719_NB501039_0146_AHVW2TBGX2	nextseq_umc02
3	129652230	100.0	98.34	1.66	39155	90.03	82.38	32.19	572125718	515499069	155681	170719_NB501039_0146_AHVW2TBGX2	nextseq_umc02
4	128242135	100.0	98.2	1.8	38729	90.05	82.34	32.19	572125718	515499069	155681	170719_NB501039_0146_AHVW2TBGX2	nextseq_umc02
1	130250191	100.0	98.61	1.39	39336	91.12	82.56	32.23	567538861	517136638	156175	170721_NB501039_0147_AHVY7YBGX2	nextseq_umc02
2	129464563	100.0	98.53	1.47	39098	91.55	82.0	32.12	567538861	517136638	156175	170721_NB501039_0147_AHVY7YBGX2	nextseq_umc02
3	129621640	100.0	98.62	1.38	39146	91.34	82.29	32.18	567538861	517136638	156175	170721_NB501039_0147_AHVY7YBGX2	nextseq_umc02
4	127800244	100.0	98.38	1.62	38596	90.46	82.01	32.13	567538861	517136638	156175	170721_NB501039_0147_AHVY7YBGX2	nextseq_umc02
1	132717909	100.0	98.36	1.64	40081	90.94	81.87	32.1	573962225	523162316	157995	170724_NB501039_0148_AHVW32BGX2	nextseq_umc02
2	129103034	100.0	98.28	1.72	38989	91.47	81.86	32.1	573962225	523162316	157995	170724_NB501039_0148_AHVW32BGX2	nextseq_umc02
3	130397566	100.0	98.36	1.64	39380	91.21	81.65	32.06	573962225	523162316	157995	170724_NB501039_0148_AHVW32BGX2	nextseq_umc02
4	130943807	100.0	98.22	1.78	39545	90.98	81.38	32.01	573962225	523162316	157995	170724_NB501039_0148_AHVW32BGX2	nextseq_umc02
1	117108907	100.0	98.65	1.35	35367	91.62	83.77	32.49	504681892	466365119	140842	170727_NB501039_0149_AHVVWGBGX2	nextseq_umc02
2	115818190	100.0	98.52	1.48	34977	92.84	83.04	32.35	504681892	466365119	140842	170727_NB501039_0149_AHVVWGBGX2	nextseq_umc02
3	116900278	100.0	98.61	1.39	35304	92.54	83.2	32.37	504681892	466365119	140842	170727_NB501039_0149_AHVVWGBGX2	nextseq_umc02
4	116537744	100.0	98.48	1.52	35194	92.65	83.38	32.42	504681892	466365119	140842	170727_NB501039_0149_AHVVWGBGX2	nextseq_umc02
1	136406449	100.0	98.6	1.4	41195	91.25	80.7	31.83	591599025	540628196	163270	170728_NB501039_0150_AH3LYCBGX3	nextseq_umc02
2	134991485	100.0	98.49	1.51	40767	91.66	80.64	31.83	591599025	540628196	163270	170728_NB501039_0150_AH3LYCBGX3	nextseq_umc02
3	133591662	100.0	98.59	1.41	40345	91.48	80.4	31.77	591599025	540628196	163270	170728_NB501039_0150_AH3LYCBGX3	nextseq_umc02
4	135638600	100.0	98.44	1.56	40963	91.15	79.28	31.54	591599025	540628196	163270	170728_NB501039_0150_AH3LYCBGX3	nextseq_umc02
1	123099481	100.0	98.67	1.33	37176	92.16	81.78	32.08	532814093	490687983	148188	170731_NB501039_0151_AH3LY2BGX3	nextseq_umc02
2	121285221	100.0	98.5	1.5	36628	92.17	82.16	32.17	532814093	490687983	148188	170731_NB501039_0151_AH3LY2BGX3	nextseq_umc02
3	123553826	100.0	98.61	1.39	37313	91.98	81.07	31.94	532814093	490687983	148188	170731_NB501039_0151_AH3LY2BGX3	nextseq_umc02
4	122749455	100.0	98.52	1.48	37070	92.07	81.55	32.05	532814093	490687983	148188	170731_NB501039_0151_AH3LY2BGX3	nextseq_umc02
1	142663344	100.0	98.67	1.33	43084	90.41	78.18	31.31	628023235	567640034	171427	170802_NB501039_0152_AH535FBGX3	nextseq_umc02
2	140918326	100.0	98.49	1.51	42557	90.75	79.54	31.6	628023235	567640034	171427	170802_NB501039_0152_AH535FBGX3	nextseq_umc02
3	142100269	100.0	98.63	1.37	42914	90.27	77.92	31.26	628023235	567640034	171427	170802_NB501039_0152_AH535FBGX3	nextseq_umc02
4	141958095	100.0	98.51	1.49	42871	90.11	78.26	31.34	628023235	567640034	171427	170802_NB501039_0152_AH535FBGX3	nextseq_umc02
1	134127685	100.0	98.39	1.61	40507	90.51	81.83	32.07	583524970	528853380	159714	170807_NB501039_0154_AH3LY5BGX3	nextseq_umc02
2	130724956	100.0	98.24	1.76	39479	90.84	81.71	32.05	583524970	528853380	159714	170807_NB501039_0154_AH3LY5BGX3	nextseq_umc02
3	132485907	100.0	98.38	1.62	40011	90.61	81.58	32.03	583524970	528853380	159714	170807_NB501039_0154_AH3LY5BGX3	nextseq_umc02
4	131514832	100.0	98.22	1.78	39717	90.57	81.93	32.11	583524970	528853380	159714	170807_NB501039_0154_AH3LY5BGX3	nextseq_umc02
1	131211625	100.0	98.56	1.44	39626	90.8	81.55	32.02	576902768	524033349	158258	170809_NB501039_0155_AH3LTKBGX3	nextseq_umc02
2	129744791	100.0	98.44	1.56	39183	91.01	81.37	31.99	576902768	524033349	158258	170809_NB501039_0155_AH3LTKBGX3	nextseq_umc02
3	132583852	100.0	98.54	1.46	40040	90.76	80.94	31.9	576902768	524033349	158258	170809_NB501039_0155_AH3LTKBGX3	nextseq_umc02
4	130493081	100.0	98.42	1.58	39409	90.77	81.18	31.95	576902768	524033349	158258	170809_NB501039_0155_AH3LTKBGX3	nextseq_umc02
1	126725439	100.0	98.78	1.22	38271	90.91	83.03	32.33	556103247	507679210	153319	170811_NB501039_0156_AH3LY3BGX3	nextseq_umc02
2	124083795	100.0	98.67	1.33	37473	91.3	82.83	32.3	556103247	507679210	153319	170811_NB501039_0156_AH3LY3BGX3	nextseq_umc02
3	130034686	100.0	98.84	1.16	39270	91.68	81.7	32.06	556103247	507679210	153319	170811_NB501039_0156_AH3LY3BGX3	nextseq_umc02
4	126835290	100.0	98.7	1.3	38304	91.28	82.22	32.17	556103247	507679210	153319	170811_NB501039_0156_AH3LY3BGX3	nextseq_umc02
1	113395827	100.0	97.68	2.32	34246	85.47	78.79	31.36	547861716	486922428	147051	170814_NB501039_0157_AHFVCFBGX3	nextseq_umc02
2	117956748	100.0	97.9	2.1	35623	88.05	80.96	31.84	547861716	486922428	147051	170814_NB501039_0157_AHFVCFBGX3	nextseq_umc02
3	129443539	100.0	98.52	1.48	39092	91.08	82.65	32.23	547861716	486922428	147051	170814_NB501039_0157_AHFVCFBGX3	nextseq_umc02
4	126126314	100.0	98.31	1.69	38090	90.67	82.7	32.24	547861716	486922428	147051	170814_NB501039_0157_AHFVCFBGX3	nextseq_umc02
1	129883764	100.0	98.55	1.45	39225	90.5	82.39	32.21	568481560	514250901	155304	170818_NB501039_0159_AH3LNKBGX3	nextseq_umc02
2	128248158	100.0	98.41	1.59	38731	90.65	81.87	32.11	568481560	514250901	155304	170818_NB501039_0159_AH3LNKBGX3	nextseq_umc02
3	129493051	100.0	98.53	1.47	39107	90.52	81.96	32.12	568481560	514250901	155304	170818_NB501039_0159_AH3LNKBGX3	nextseq_umc02
4	126625928	100.0	98.36	1.64	38241	90.16	81.78	32.08	568481560	514250901	155304	170818_NB501039_0159_AH3LNKBGX3	nextseq_umc02
1	130691520	100.0	98.58	1.42	39469	91.48	81.95	32.11	566766627	519270504	156820	170821_NB501039_0160_AH3WLFBGX3	nextseq_umc02
2	128888641	100.0	98.46	1.54	38924	91.74	81.93	32.11	566766627	519270504	156820	170821_NB501039_0160_AH3WLFBGX3	nextseq_umc02
3	130404847	100.0	98.56	1.44	39382	91.65	81.92	32.11	566766627	519270504	156820	170821_NB501039_0160_AH3WLFBGX3	nextseq_umc02
4	129285496	100.0	98.45	1.55	39044	91.61	82.05	32.14	566766627	519270504	156820	170821_NB501039_0160_AH3WLFBGX3	nextseq_umc02
1	137502409	100.0	98.55	1.45	41526	91.12	79.62	31.58	598017686	546086877	164918	170823_NB501039_0161_AH535HBGX3	nextseq_umc02
2	134939197	100.0	98.42	1.58	40752	91.62	79.63	31.6	598017686	546086877	164918	170823_NB501039_0161_AH535HBGX3	nextseq_umc02
3	136742765	100.0	98.53	1.47	41296	91.29	79.71	31.62	598017686	546086877	164918	170823_NB501039_0161_AH535HBGX3	nextseq_umc02
4	136902506	100.0	98.36	1.64	41345	91.24	79.14	31.51	598017686	546086877	164918	170823_NB501039_0161_AH535HBGX3	nextseq_umc02
1	117599855	100.0	98.29	1.71	35515	86.99	80.95	31.83	536910909	469759904	141867	170825_NB501039_0162_AHFYYKBGX3	nextseq_umc02
2	113835663	100.0	98.04	1.96	34378	86.36	79.27	31.48	536910909	469759904	141867	170825_NB501039_0162_AHFYYKBGX3	nextseq_umc02
3	116194651	100.0	98.31	1.69	35091	87.25	80.49	31.74	536910909	469759904	141867	170825_NB501039_0162_AHFYYKBGX3	nextseq_umc02
4	122129735	100.0	98.48	1.52	36883	89.32	82.03	32.09	536910909	469759904	141867	170825_NB501039_0162_AHFYYKBGX3	nextseq_umc02
1	109958894	100.0	97.58	2.42	33208	84.38	78.01	31.18	520600419	440411734	133004	170828_NB501039_0163_AHFT33BGX3	nextseq_umc02
2	112271895	100.0	97.78	2.22	33906	86.55	79.18	31.47	520600419	440411734	133004	170828_NB501039_0163_AHFT33BGX3	nextseq_umc02
3	109346141	100.0	97.47	2.53	33023	83.76	77.46	31.08	520600419	440411734	133004	170828_NB501039_0163_AHFT33BGX3	nextseq_umc02
4	108834804	100.0	97.3	2.7	32868	83.7	76.66	30.93	520600419	440411734	133004	170828_NB501039_0163_AHFT33BGX3	nextseq_umc02
1	124862719	100.0	98.2	1.8	37709	90.37	83.65	32.43	553645121	501829685	151553	170830_NB501039_0164_AHFYYWBGX3	nextseq_umc02
2	124453217	100.0	98.17	1.83	37585	90.87	83.52	32.41	553645121	501829685	151553	170830_NB501039_0164_AHFYYWBGX3	nextseq_umc02
3	127795555	100.0	98.37	1.63	38594	91.13	83.89	32.49	553645121	501829685	151553	170830_NB501039_0164_AHFYYWBGX3	nextseq_umc02
4	124718194	100.0	98.01	1.99	37665	90.18	82.93	32.29	553645121	501829685	151553	170830_NB501039_0164_AHFYYWBGX3	nextseq_umc02
1	117149654	100.0	97.69	2.31	35379	88.96	82.92	32.21	523508443	462674174	139728	170901_NB501039_0165_AHFT3GBGX3	nextseq_umc02
2	113690882	100.0	97.16	2.84	34335	87.9	80.92	31.78	523508443	462674174	139728	170901_NB501039_0165_AHFT3GBGX3	nextseq_umc02
3	116110416	100.0	97.44	2.56	35065	88.22	81.73	31.96	523508443	462674174	139728	170901_NB501039_0165_AHFT3GBGX3	nextseq_umc02
4	115723222	100.0	97.25	2.75	34948	88.43	81.66	31.95	523508443	462674174	139728	170901_NB501039_0165_AHFT3GBGX3	nextseq_umc02
1	119969182	100.0	98.05	1.95	36231	89.95	82.63	32.16	527922625	474456540	143286	170904_NB501039_0166_AHKGY2BGX3	nextseq_umc02
2	118328686	100.0	97.88	2.12	35735	90.22	82.52	32.15	527922625	474456540	143286	170904_NB501039_0166_AHKGY2BGX3	nextseq_umc02
3	118530560	100.0	97.98	2.02	35796	89.62	82.55	32.16	527922625	474456540	143286	170904_NB501039_0166_AHKGY2BGX3	nextseq_umc02
4	117628112	100.0	97.83	2.17	35524	89.7	82.33	32.12	527922625	474456540	143286	170904_NB501039_0166_AHKGY2BGX3	nextseq_umc02
1	127198710	100.0	98.05	1.95	38414	88.73	83.16	32.29	573249183	507802258	153356	170908_NB501039_0167_AHFWHFBGX3	nextseq_umc02
2	126126301	100.0	97.84	2.16	38090	88.76	82.44	32.15	573249183	507802258	153356	170908_NB501039_0167_AHFWHFBGX3	nextseq_umc02
3	128541925	100.0	98.0	2.0	38820	88.65	82.64	32.19	573249183	507802258	153356	170908_NB501039_0167_AHFWHFBGX3	nextseq_umc02
4	125935322	100.0	97.71	2.29	38032	88.19	81.74	32.0	573249183	507802258	153356	170908_NB501039_0167_AHFWHFBGX3	nextseq_umc02
1	114514865	100.0	97.76	2.24	34583	84.93	78.4	31.27	533771682	451862971	136463	170911_NB501039_0168_AHKCWNBGX3	nextseq_umc02
2	111252433	100.0	97.53	2.47	33598	84.34	77.35	31.04	533771682	451862971	136463	170911_NB501039_0168_AHKCWNBGX3	nextseq_umc02
3	113540134	100.0	97.77	2.23	34289	85.04	78.05	31.22	533771682	451862971	136463	170911_NB501039_0168_AHKCWNBGX3	nextseq_umc02
4	112555539	100.0	97.53	2.47	33992	84.3	77.52	31.1	533771682	451862971	136463	170911_NB501039_0168_AHKCWNBGX3	nextseq_umc02
1	118040110	100.0	98.42	1.58	35648	91.57	85.57	32.79	511780661	465016060	140435	170913_NB501039_0169_AHLMFGBGX3	nextseq_umc02
2	113580233	100.0	97.95	2.05	34301	90.01	83.11	32.25	511780661	465016060	140435	170913_NB501039_0169_AHLMFGBGX3	nextseq_umc02
3	116597823	100.0	98.28	1.72	35213	91.0	84.45	32.56	511780661	465016060	140435	170913_NB501039_0169_AHLMFGBGX3	nextseq_umc02
4	116797894	100.0	98.12	1.88	35273	90.85	84.17	32.5	511780661	465016060	140435	170913_NB501039_0169_AHLMFGBGX3	nextseq_umc02
1	120706805	100.0	98.05	1.95	36453	90.32	83.86	32.45	530876968	474598072	143329	170915_NB501039_0170_AHMJWFBGX3	nextseq_umc02
2	119892944	100.0	97.84	2.16	36208	90.53	83.0	32.29	530876968	474598072	143329	170915_NB501039_0170_AHMJWFBGX3	nextseq_umc02
3	117763303	100.0	97.69	2.31	35565	89.06	81.94	32.05	530876968	474598072	143329	170915_NB501039_0170_AHMJWFBGX3	nextseq_umc02
4	116235020	100.0	97.16	2.84	35103	87.68	80.28	31.71	530876968	474598072	143329	170915_NB501039_0170_AHMJWFBGX3	nextseq_umc02
1	129984720	100.0	98.57	1.43	39255	90.17	83.91	32.48	576488528	520644519	157235	170918_NB501039_0171_AHKM7MBGX3	nextseq_umc02
2	129401273	100.0	98.46	1.54	39079	90.5	83.39	32.38	576488528	520644519	157235	170918_NB501039_0171_AHKM7MBGX3	nextseq_umc02
3	131571186	100.0	98.58	1.42	39734	90.5	83.53	32.41	576488528	520644519	157235	170918_NB501039_0171_AHKM7MBGX3	nextseq_umc02
4	129687340	100.0	98.36	1.64	39166	90.08	82.78	32.27	576488528	520644519	157235	170918_NB501039_0171_AHKM7MBGX3	nextseq_umc02
1	128024245	100.0	98.36	1.64	38663	89.61	85.03	32.65	569109621	509009124	153721	170920_NB501039_0172_AHKM55BGX3	nextseq_umc02
2	126141670	100.0	98.22	1.78	38095	89.74	84.62	32.56	569109621	509009124	153721	170920_NB501039_0172_AHKM55BGX3	nextseq_umc02
3	127783294	100.0	98.36	1.64	38591	89.44	84.52	32.55	569109621	509009124	153721	170920_NB501039_0172_AHKM55BGX3	nextseq_umc02
4	127059915	100.0	98.12	1.88	38372	88.97	83.84	32.41	569109621	509009124	153721	170920_NB501039_0172_AHKM55BGX3	nextseq_umc02
1	133360639	100.0	97.66	2.34	40275	87.81	82.86	32.2	605883234	531355305	160469	170922_NB501039_0173_AHLMHHBGX3	nextseq_umc02
2	132917474	100.0	97.52	2.48	40141	88.34	82.11	32.07	605883234	531355305	160469	170922_NB501039_0173_AHLMHHBGX3	nextseq_umc02
3	130738373	100.0	97.13	2.87	39483	86.36	80.73	31.75	605883234	531355305	160469	170922_NB501039_0173_AHLMHHBGX3	nextseq_umc02
4	134338819	100.0	97.56	2.44	40570	88.29	82.16	32.08	605883234	531355305	160469	170922_NB501039_0173_AHLMHHBGX3	nextseq_umc02
1	136496955	100.0	98.01	1.99	41222	89.29	84.22	32.53	611955361	540783200	163317	171002_NB501039_0177_AHLMJNBGX3	nextseq_umc02
2	132932760	100.0	97.44	2.56	40146	87.82	82.85	32.22	611955361	540783200	163317	171002_NB501039_0177_AHLMJNBGX3	nextseq_umc02
3	138124414	100.0	97.91	2.09	41714	88.58	83.3	32.34	611955361	540783200	163317	171002_NB501039_0177_AHLMJNBGX3	nextseq_umc02
4	133229071	100.0	97.45	2.55	40235	87.78	82.77	32.21	611955361	540783200	163317	171002_NB501039_0177_AHLMJNBGX3	nextseq_umc02
1	134626842	100.0	98.43	1.57	40657	90.47	85.03	32.69	590917051	534116276	161303	171004_NB501039_0178_AHMJN3BGX3	nextseq_umc02
2	130226944	100.0	98.17	1.83	39329	90.18	84.73	32.61	590917051	534116276	161303	171004_NB501039_0178_AHMJN3BGX3	nextseq_umc02
3	135391347	100.0	98.45	1.55	40888	90.74	84.57	32.61	590917051	534116276	161303	171004_NB501039_0178_AHMJN3BGX3	nextseq_umc02
4	133871143	100.0	98.11	1.89	40429	90.15	84.49	32.58	590917051	534116276	161303	171004_NB501039_0178_AHMJN3BGX3	nextseq_umc02
